4294967279,357
4294967278,130
4294967278,125
4294967278,112
4294967278,107
4294967278,352
4294967278,105
4294967278,101
4294967278,381
4294967278,283
4294967278,370
4294967278,318
4294967278,21
4294967278,6
4294967279,131
4294967279,120
4294967279,105
4294967279,322
4294967279,100
4294967279,98
4294967279,96
4294967279,92
4294967279,91
4294967279,90
4294967279,530
4294967279,336
4294967279,319
4294967279,333
4294967279,367
4294967279,321
4294967278,434
4294967279,572
4294967279,568
4294967294,427
4294967278,187
4294967278,433
2510,7
4294967279,567
4294967278,432
2510,6
2510,5
2510,4
2510,3
2510,2
2510,1
4294967278,431
4294967278,161
4294967294,1016
4294967278,430
2507,7
4294967279,266
4294967278,294
4294967279,150
2507,6
2507,5
2507,4
2507,3
2507,2
2507,1
4294967278,429
4294967278,134
4294967279,282
4294967294,119
4294967294,164
4294967279,566
2504,7
4294967278,428
4294967279,565
2504,6
2504,5
2504,4
2504,3
2504,2
2504,1
4294967279,564
4294967278,427
4294967279,249
4294967279,247
4294967279,245
4294967279,243
4294967278,426
4294967279,235
4294967279,233
2501,5
2501,4
2501,3
2501,2
2501,1
4294967279,215
4294967279,289
4294967279,207
4294967279,206
4294967279,198
2497,5
4294967279,192
2497,4
4294967278,191
2497,3
2497,2
2497,1
4294967279,190
2496,6
4294967278,425
2496,5
2496,4
2496,3
2496,2
2496,1
4294967279,177
4294967279,175
4294967279,172
4294967294,495
4294967279,311
2494,6
4294967279,310
4294967294,168
4294967294,391
4294967294,488
4294967278,163
4294967278,162
4294967279,158
2494,5
2494,4
2494,3
2494,2
2494,1
4294967279,157
4294967278,156
4294967278,155
4294967278,423
4294967278,422
2492,6
2492,5
2492,4
2492,3
2492,2
2492,1
4294967278,344
2491,5
4294967279,140
4294967278,140
2491,4
2491,3
2491,2
2491,1
4294967278,276
2490,5
2490,4
2490,3
2490,2
2490,1
4294967278,287
4294967278,273
4294967294,1009
4294967294,162
4294967294,185
4294967294,997
4294967279,332
4294967278,269
2489,5
2489,4
2489,3
2489,2
2489,1
4294967278,421
2487,4
2487,3
2487,2
2487,1
4294967279,259
4294967278,378
4294967279,522
4294967278,392
4294967278,402
4294967278,282
4294967278,336
4294967278,351
4294967278,334
4294967278,396
4294967278,324
4294967278,413
4294967278,260
4294967278,353
4294967278,26
4294967278,25
4294967278,19
4294967278,331
4294967278,18
4294967278,16
4294967278,15
4294967278,13
4294967278,11
4294967278,10
4294967278,9
4294967278,8
4294967279,132
4294967279,130
4294967279,129
4294967279,128
4294967279,515
4294967279,122
4294967279,298
4294967279,119
4294967279,117
4294967279,116
4294967279,113
4294967279,112
4294967279,110
4294967279,109
4294967279,286
4294967279,104
4294967279,103
4294967279,101
4294967279,99
4294967279,94
4294967279,356
4294967279,312
4294967279,89
4294967279,85
4294967279,292
4294967279,306
4294967279,307
4294967279,353
4294967279,351
4294967279,288
4294967279,244
4294967279,516
4294967279,349
4294967279,521
4294967278,326
4294967294,7
4294967294,5
4294967278,216
4294967279,213
2486,7
2486,6
2486,5
2486,4
2486,2
2486,1
4294967294,420
4294967294,487
4294967279,555
2483,7
4294967278,279
4294967278,417
2483,6
2483,5
2483,4
2483,3
2483,2
2483,1
4294967278,143
4294967278,142
4294967279,141
4294967294,1418
4294967279,139
2480,7
4294967278,416
4294967279,257
2480,6
2480,5
2480,4
2480,2
2480,1
4294967279,546
4294967279,545
4294967279,570
4294967278,250
4294967279,552
2477,5
4294967279,239
2477,4
2477,2
2477,1
4294967279,237
4294967278,414
4294967279,287
4294967279,231
4294967279,229
4294967279,320
4294967279,227
4294967279,223
4294967279,217
4294967278,212
4294967279,211
4294967279,551
4294967279,210
4294967279,204
4294967278,203
4294967279,202
2473,5
2473,4
2473,3
2473,2
2473,1
4294967294,385
4294967294,386
4294967294,169
2472,6
4294967294,1014
4294967294,1092
4294967278,391
4294967279,550
4294967279,539
2472,5
2472,4
4294967279,183
2472,3
2472,2
2472,1
4294967279,178
2470,6
4294967278,395
4294967278,168
4294967278,167
4294967278,165
2470,5
2470,4
2470,3
2470,2
2470,1
4294967278,159
4294967278,158
4294967278,157
2468,6
2468,5
4294967278,152
2468,4
4294967279,151
2468,3
2468,2
2468,1
2467,5
4294967279,146
2467,4
2467,3
2467,2
2467,1
2466,5
2466,4
2466,3
2466,2
2466,1
4294967278,412
4294967279,271
2465,5
2465,4
2465,3
2465,2
2465,1
4294967279,262
2463,4
2463,3
2463,2
2463,1
4294967294,1095
4294967294,462
4294967294,118
4294967294,454
4294967294,402
4294967294,163
4294967294,170
4294967279,534
4294967279,248
4294967278,377
4294967278,418
4294967278,406
4294967278,415
4294967278,341
4294967278,411
4294967278,380
4294967278,390
4294967278,374
4294967278,322
4294967278,373
4294967278,325
4294967279,378
4294967279,127
4294967279,126
4294967279,125
4294967279,124
4294967279,123
4294967279,111
4294967279,517
4294967279,108
4294967279,107
4294967279,102
4294967279,97
4294967279,95
4294967279,238
4294967279,93
4294967279,87
4294967279,86
4294967279,372
4294967279,214
4294967279,533
4294967278,226
4294967278,224
2462,7
4294967279,531
4294967294,1425
2462,6
2462,5
2462,4
2462,2
2462,1
4294967278,359
4294967278,183
4294967278,182
4294967279,529
4294967278,173
4294967279,527
2459,7
4294967279,525
4294967278,164
4294967278,410
2459,6
2459,5
2459,4
2459,3
2459,2
2459,1
4294967278,149
4294967294,182
4294967294,395
4294967294,1005
4294967294,460
4294967294,397
4294967278,409
2456,7
4294967278,420
4294967278,133
2456,6
2456,5
2456,4
2456,2
2456,1
4294967278,301
4294967278,264
4294967278,285
4294967279,256
4294967278,278
4294967279,255
4294967279,254
4294967279,549
4294967279,548
4294967279,547
4294967279,544
4294967279,543
2453,5
4294967278,253
2453,4
2453,2
2453,1
4294967278,440
4294967278,439
4294967278,214
4294967278,213
4294967279,209
2449,5
2449,4
2449,3
2449,2
2449,1
4294967278,202
4294967279,562
2448,6
4294967278,437
4294967278,272
4294967279,195
4294967279,194
2448,5
2448,4
4294967278,189
2448,3
2448,2
2448,1
4294967294,173
2446,6
4294967279,569
4294967278,172
2446,5
2446,4
2446,3
2446,2
2446,1
4294967278,170
4294967278,166
4294967279,166
2444,6
2444,5
4294967279,159
2444,4
2444,3
2444,2
2444,1
2443,5
2443,4
2443,3
2443,2
2443,1
4294967278,144
2442,5
2442,4
2442,3
2442,2
2442,1
4294967278,138
2441,5
2441,4
4294967278,135
2441,3
2441,2
2441,1
4294967279,134
4294967279,133
4294967278,288
4294967279,279
4294967279,277
4294967279,265
4294967279,264
2439,4
2439,3
2439,2
2439,1
4294967294,399
4294967294,187
4294967294,444
4294967294,398
4294967294,461
4294967279,518
4294967294,496
4294967278,436
4294967278,215
4294967278,401
4294967278,384
4294967278,386
4294967278,400
4294967278,14
4294967278,12
4294967278,2
4294967278,293
4294967279,314
4294967279,269
4294967279,278
4294967279,553
4294967279,290
4294967279,274
4294967279,330
4294967279,218
4294967279,514
4294967278,241
4294967278,205
2438,7
4294967279,512
4294967279,200
2438,6
2438,5
2438,4
2438,2
2438,1
4294967279,382
4294967278,190
4294967279,186
4294967279,381
4294967294,996
4294967294,413
4294967294,403
4294967294,406
4294967294,414
4294967294,111
4294967294,180
4294967279,379
4294967278,259
2435,7
4294967279,373
4294967279,371
4294967279,171
2435,6
2435,5
2435,4
2435,3
2435,2
2435,1
4294967278,284
4294967279,155
4294967279,148
4294967279,144
4294967278,145
2432,7
4294967278,141
4294967279,272
2432,6
2432,5
2432,4
2432,2
2432,1
4294967278,274
4294967278,265
4294967278,398
4294967278,258
2429,5
2429,4
2429,2
2429,1
4294967278,248
4294967279,370
4294967278,237
4294967278,228
2425,5
2425,4
2425,3
2425,2
2425,1
4294967279,368
4294967278,310
4294967278,217
2424,6
4294967278,333
4294967278,199
2424,5
2424,4
2424,3
2424,2
2424,1
4294967278,195
4294967294,112
4294967294,184
4294967279,193
2422,6
4294967278,185
4294967279,185
4294967278,184
4294967279,182
4294967278,181
2422,5
2422,4
2422,3
2422,2
2422,1
4294967278,177
4294967279,176
4294967278,175
4294967278,171
4294967279,173
2420,6
4294967278,169
2420,5
2420,4
2420,3
2420,2
2420,1
4294967279,165
2419,5
2419,4
2419,3
2419,2
2419,1
4294967294,1088
4294967279,153
4294967279,152
4294967279,149
2418,5
4294967278,151
2418,4
2418,3
2418,2
2418,1
4294967278,150
4294967278,148
4294967294,1421
4294967294,392
4294967278,147
4294967278,146
2417,5
4294967294,1000
4294967279,143
2417,4
2417,3
2417,2
2417,1
4294967279,142
4294967294,493
4294967278,277
4294967279,136
2415,4
2415,3
2415,2
2415,1
4294967279,270
4294967294,489
4294967294,465
4294967294,108
4294967294,463
4294967294,116
4294967294,50
4294967294,419
4294967294,1175
4294967294,1017
4294967294,9
4294967294,81
4294967294,68
4294967294,11
4294967278,131
4294967278,327
4294967278,338
4294967278,123
4294967278,121
4294967278,120
4294967278,119
4294967278,118
4294967278,321
4294967278,116
4294967278,115
4294967278,114
4294967278,113
4294967278,111
4294967278,110
4294967278,109
4294967278,108
4294967278,106
4294967278,99
4294967278,98
4294967278,97
4294967278,96
4294967278,95
4294967278,94
4294967278,92
4294967278,91
4294967278,90
4294967278,385
4294967278,87
4294967278,86
4294967278,85
4294967278,84
4294967278,330
4294967278,83
4294967278,82
4294967278,81
4294967278,80
4294967278,75
4294967278,74
4294967278,73
4294967278,72
4294967278,286
4294967278,71
4294967278,70
4294967278,69
4294967278,68
4294967278,67
4294967278,66
4294967278,65
4294967278,64
4294967278,63
4294967278,296
4294967278,62
4294967278,61
4294967278,256
4294967278,60
4294967278,59
4294967278,58
4294967278,57
4294967278,56
4294967278,55
4294967278,225
4294967278,54
4294967278,53
4294967278,52
4294967278,51
4294967278,50
4294967278,49
4294967278,48
4294967278,47
4294967278,46
4294967278,45
4294967278,292
4294967278,44
4294967278,43
4294967278,42
4294967278,41
4294967278,40
4294967278,39
4294967278,38
4294967278,37
4294967278,36
4294967278,35
4294967278,34
4294967278,33
4294967278,32
4294967278,31
4294967278,30
4294967278,29
4294967278,28
4294967278,27
4294967278,24
4294967278,23
4294967278,315
4294967278,22
4294967278,223
4294967278,348
4294967278,419
4294967278,174
4294967278,5
4294967278,4
4294967279,121
4294967279,114
4294967279,362
4294967279,226
4294967279,365
4294967279,84
4294967279,83
4294967279,82
4294967279,81
4294967279,79
4294967279,78
4294967279,76
4294967279,69
4294967279,222
4294967279,375
4294967279,67
4294967279,65
4294967279,64
4294967279,63
4294967279,137
4294967279,59
4294967279,57
4294967279,56
4294967279,55
4294967279,53
4294967279,52
4294967279,364
4294967279,42
4294967279,36
4294967279,318
4294967279,296
4294967279,27
4294967279,328
4294967279,540
4294967279,23
4294967279,22
4294967279,18
4294967279,11
4294967279,324
4294967279,9
4294967279,8
4294967278,129
4294967278,389
4294967278,128
4294967278,298
2414,7
4294967294,1424
2414,6
2414,5
2414,4
2414,2
2414,1
4294967278,388
4294967278,266
4294967294,1094
4294967278,252
2411,7
2411,6
2411,5
2411,4
2411,3
2411,2
2411,1
2408,7
2408,6
2408,5
2408,4
2408,2
2408,1
4294967278,139
4294967279,138
2405,5
2405,4
2405,2
2405,1
4294967278,244
4294967294,1006
4294967278,234
2401,5
4294967278,230
2401,4
2401,3
2401,2
2401,1
4294967294,407
4294967294,410
4294967294,468
4294967294,458
4294967279,219
2400,6
4294967278,247
4294967278,208
2400,5
2400,4
4294967278,207
2400,3
2400,2
2400,1
4294967278,204
2398,6
2398,5
2398,4
2398,3
2398,2
2398,1
4294967278,186
4294967278,245
2396,6
4294967279,180
2396,5
2396,4
2396,3
2396,2
2396,1
4294967294,491
4294967294,999
4294967294,995
2395,5
2395,4
2395,3
2395,2
2395,1
4294967279,164
2394,5
2394,4
2394,3
2394,2
2394,1
2393,5
4294967279,154
2393,4
2393,3
2393,2
2393,1
4294967279,147
4294967294,490
2391,4
2391,3
2391,2
2391,1
4294967294,455
4294967278,446
4294967278,445
4294967278,444
4294967278,78
4294967278,76
4294967278,442
4294967278,219
4294967278,316
4294967279,519
4294967279,325
4294967279,556
4294967279,77
4294967279,74
4294967279,73
4294967279,72
4294967279,71
4294967279,554
4294967279,70
4294967279,61
4294967279,60
4294967279,58
4294967279,542
4294967279,54
4294967279,51
4294967279,50
4294967279,47
4294967279,46
4294967279,45
4294967279,44
4294967279,43
4294967279,541
4294967279,41
4294967279,40
4294967279,39
4294967279,34
4294967279,174
4294967279,33
4294967279,32
4294967279,31
4294967279,30
4294967279,29
4294967279,28
4294967279,26
4294967279,25
4294967279,21
4294967279,20
4294967279,19
4294967279,15
4294967279,13
4294967279,7
4294967279,6
4294967279,560
4294967279,5
4294967279,369
4294967279,10
4294967278,243
4294967278,254
4294967278,363
2390,7
4294967278,239
2390,6
2390,5
2390,4
2390,2
2390,1
4294967279,366
4294967278,235
2387,7
4294967278,231
2387,6
2387,5
2387,4
2387,3
2387,2
2387,1
4294967278,176
2384,7
4294967294,453
4294967294,467
2384,6
2384,5
2384,4
2384,2
2384,1
4294967279,145
4294967279,363
4294967279,361
4294967279,135
2381,5
2381,4
2381,2
2381,1
4294967278,281
4294967279,261
2377,5
2377,4
2377,3
2377,2
2377,1
4294967294,504
4294967278,227
4294967279,313
4294967278,238
2376,6
4294967294,1093
2376,5
4294967278,222
2376,4
2376,3
2376,2
2376,1
4294967279,513
4294967294,503
2374,6
2374,5
2374,4
2374,3
2374,2
2374,1
4294967278,198
4294967278,194
2372,6
2372,5
4294967278,188
2372,4
2372,3
2372,2
2372,1
2371,5
2371,4
2371,3
2371,2
2371,1
4294967279,181
4294967294,502
4294967294,179
4294967294,400
2370,5
2370,4
2370,3
2370,2
2370,1
2369,5
2369,4
2369,3
2369,2
2369,1
4294967294,501
2367,4
2367,3
2367,2
2367,1
4294967279,355
4294967278,347
4294967294,998
4294967294,161
4294967279,267
4294967279,300
4294967279,535
4294967278,393
4294967278,397
4294967278,332
4294967278,79
4294967278,407
4294967279,80
4294967279,260
4294967279,68
4294967279,66
4294967279,377
4294967279,374
4294967278,0
4294967279,383
4294967279,326
4294967278,366
4294967278,367
4294967279,354
4294967278,255
2366,7
2366,6
2366,5
2366,4
2366,2
2366,1
4294967279,352
4294967278,368
4294967278,221
2363,7
4294967279,558
4294967278,201
2363,6
2363,5
2363,4
2363,3
2363,2
2363,1
4294967279,557
4294967279,294
4294967294,183
4294967294,191
4294967278,178
2360,7
4294967279,170
2360,6
2360,5
2360,4
2360,2
2360,1
4294967279,167
4294967278,319
4294967279,162
4294967279,161
4294967278,160
4294967278,154
4294967278,153
4294967279,350
2357,5
2357,4
2357,2
2357,1
4294967278,317
4294967278,268
4294967279,263
4294967278,267
4294967279,275
4294967279,258
2353,5
4294967279,253
2353,4
4294967278,257
2353,3
2353,2
2353,1
4294967294,500
4294967278,387
4294967278,365
4294967278,337
2352,6
4294967278,405
4294967278,240
2352,5
2352,4
4294967278,242
2352,3
2352,2
2352,1
4294967294,499
2350,6
4294967278,220
4294967278,218
2350,5
2350,4
2350,3
2350,2
2350,1
4294967279,348
4294967278,209
4294967279,208
4294967294,387
2348,6
4294967294,409
4294967294,396
4294967294,384
4294967294,451
4294967294,466
4294967294,405
4294967294,160
4294967294,189
4294967294,109
2348,5
4294967278,200
2348,4
2348,3
2348,2
2348,1
2347,5
2347,4
2347,3
2347,2
2347,1
4294967278,192
4294967294,498
2346,5
2346,4
4294967279,184
2346,3
2346,2
2346,1
4294967279,179
2345,5
2345,4
2345,3
2345,2
2345,1
4294967279,344
2343,4
2343,3
2343,2
2343,1
4294967294,1012
4294967279,342
4294967294,115
4294967278,372
4294967278,132
4294967278,404
4294967278,290
4294967278,89
4294967278,77
4294967278,358
4294967278,403
4294967278,306
4294967278,249
4294967278,305
4294967279,347
4294967279,559
4294967279,295
4294967279,563
4294967279,293
4294967279,301
4294967279,75
4294967279,537
4294967279,49
4294967279,48
4294967279,360
4294967279,358
4294967279,38
4294967279,37
4294967279,35
4294967279,528
4294967279,24
4294967279,17
4294967279,16
4294967279,14
4294967279,12
4294967279,538
4294967279,4
4294967294,411
4294967279,341
2342,7
2342,6
2342,5
2342,4
2342,2
2342,1
4294967279,340
4294967278,313
2339,7
4294967279,561
4294967278,312
2339,6
2339,5
2339,4
2339,3
2339,2
2339,1
4294967278,311
4294967279,339
4294967278,309
4294967278,308
2336,7
4294967278,179
2336,6
2336,5
2336,4
4294967278,180
2336,2
2336,1
4294967294,1008
4294967294,421
4294967294,1013
4294967279,169
4294967279,163
4294967279,160
2333,5
2333,4
2333,2
2333,1
4294967279,523
4294967278,424
4294967279,338
2329,5
2329,4
2329,3
2329,2
2329,1
4294967279,337
2328,6
4294967278,304
4294967278,88
2328,5
2328,4
2328,3
2328,2
2328,1
4294967294,1172
4294967294,448
4294967294,449
2326,6
4294967294,1002
4294967294,1090
2326,5
2326,4
2326,3
2326,2
2326,1
4294967279,335
4294967278,232
4294967294,1420
4294967278,251
2324,6
4294967294,120
4294967278,280
2324,5
4294967279,212
2324,4
4294967278,211
2324,3
2324,2
2324,1
4294967278,210
4294967294,388
2323,5
4294967278,206
2323,4
4294967279,205
2323,3
2323,2
2323,1
4294967279,199
4294967278,197
2322,5
4294967278,196
2322,4
4294967279,196
2322,3
2322,2
2322,1
4294967294,1176
4294967294,1001
4294967294,186
4294967279,191
4294967278,314
2321,5
2321,4
2321,3
2321,2
2321,1
4294967279,187
4294967294,1
4294967294,17
4294967294,99
4294967294,76
4294967294,1098
2319,4
2319,3
2319,2
2319,1
0,7
4294967294,29
4294967294,28
4294967294,0
4294967294,393
4294967278,295
4294967294,417
4294967294,89
4294967294,46
4294967294,45
4294967294,389
4294967294,390
4294967294,44
4294967294,114
4294967294,424
4294967294,2
4294967278,357
4294967294,492
4294967294,40
4294967294,41
4294967294,38
4294967294,37
4294967294,42
4294967294,67
4294967279,536
4294967294,107
4294967294,91
4294967294,90
4294967294,87
4294967294,86
4294967294,85
4294967294,84
4294967294,1174
4294967294,1003
4294967294,27
4294967294,1018
4294967294,26
4294967294,53
4294967294,52
4294967294,1422
4294967294,36
4294967294,39
4294967294,436
4294967294,43
4294967294,437
4294967294,51
4294967294,25
4294967294,96
4294967294,94
4294967294,8
4294967279,331
4294967294,22
4294967294,93
4294967294,95
4294967294,127
4294967294,18
4294967294,1101
4294967294,82
4294967294,1419
4294967294,83
4294967294,92
4294967294,88
4294967279,520
4294967279,305
4294967293,131
4294967293,130
4294967293,129
4294967293,128
4294967293,127
4294967293,126
4294967293,125
4294967293,124
4294967293,123
4294967293,122
4294967293,121
4294967293,120
4294967293,119
4294967293,118
4294967293,117
4294967293,116
4294967293,115
4294967293,114
4294967293,113
4294967293,112
4294967293,111
4294967293,110
4294967293,109
4294967293,108
4294967293,107
4294967293,106
4294967293,105
4294967293,104
4294967293,103
4294967293,102
4294967293,101
4294967293,100
4294967293,99
4294967293,98
4294967293,97
4294967293,96
4294967293,95
4294967293,94
4294967293,93
4294967293,92
4294967293,91
4294967293,90
4294967293,89
4294967293,87
4294967293,86
4294967293,85
4294967293,84
4294967293,83
4294967293,82
4294967293,81
4294967293,80
4294967293,79
4294967293,78
4294967293,77
4294967293,76
4294967293,75
4294967293,74
4294967293,73
4294967293,72
4294967293,71
4294967293,70
4294967293,69
4294967293,68
4294967293,67
4294967293,66
4294967293,65
4294967293,64
4294967293,63
4294967293,62
4294967293,61
4294967293,60
4294967293,59
4294967293,58
4294967293,57
4294967293,56
4294967293,55
4294967293,54
4294967293,53
4294967293,52
4294967293,51
4294967293,50
4294967293,49
4294967293,48
4294967293,47
4294967293,46
4294967293,45
4294967293,44
4294967293,43
4294967293,42
4294967293,41
4294967293,40
4294967293,39
4294967293,38
4294967293,37
4294967293,36
4294967293,35
4294967293,34
4294967293,33
4294967293,32
4294967293,31
4294967293,30
4294967293,29
4294967293,28
4294967293,27
4294967293,26
4294967293,25
4294967293,24
4294967293,23
4294967293,22
4294967293,21
4294967293,20
4294967293,19
4294967293,18
4294967293,17
4294967293,16
4294967293,15
4294967293,14
4294967293,13
4294967293,12
4294967293,11
4294967293,10
4294967293,9
4294967293,8
4294967293,7
4294967293,6
4294967293,5
4294967293,4
4294967293,3
4294967278,127
4294967278,126
4294967278,124
4294967278,122
4294967278,399
4294967278,117
4294967278,104
4294967278,103
4294967278,102
4294967279,532
4294967278,100
4294967278,93
4294967278,233
4294967278,229
4294967278,307
4294967278,355
4294967278,20
4294967278,394
4294967278,17
4294967278,369
4294967278,354
4294967278,7
4294967279,526
4294967279,118
4294967279,115
4294967279,106
4294967279,359
4294967279,224
4294967279,156
4294967279,234
4294967279,230
4294967279,62
4294967279,0
4294967279,304
4294967278,302
4294967279,297
0,5
4294967294,1423
4294967294,6
4294967278,379
4294967278,300
4294967278,136
4294967279,334
2318,7
2318,6
2318,5
2318,4
2318,2
2318,1
4294967278,408
4294967278,261
2315,7
4294967278,299
2315,6
2315,5
2315,4
2315,3
2315,2
2315,1
4294967279,246
2312,7
2312,6
2312,5
2312,4
2312,2
2312,1
4294967278,297
4294967294,1173
4294967294,456
4294967294,175
4294967294,110
4294967279,168
2309,5
2309,4
2309,3
2309,2
2309,1
4294967294,401
2305,5
2305,4
2305,3
2305,2
2305,1
2304,6
4294967279,283
4294967278,270
2304,5
2304,4
2304,3
2304,2
2304,1
4294967279,327
4294967294,494
2302,6
4294967279,571
4294967279,250
2302,5
2302,4
2302,3
2302,2
2302,1
4294967278,246
2300,6
4294967294,1089
2300,5
2300,4
2300,3
2300,2
2300,1
2299,5
2299,4
2299,3
2299,2
2299,1
2298,5
2298,4
2298,3
2298,2
2298,1
4294967279,203
2297,5
4294967279,201
2297,4
2297,3
2297,2
2297,1
4294967279,197
2295,4
2295,3
2295,2
2295,1
4294967279,189
4294967294,178
4294967294,415
4294967294,457
4294967294,404
4294967278,335
4294967294,1015
4294967294,1007
4294967279,329
4294967278,328
4294967278,343
4294967278,271
4294967278,349
4294967278,382
4294967278,342
4294967278,356
4294967278,137
4294967278,340
4294967279,316
4294967279,376
4294967279,524
4294967279,299
4294967279,380
4294967279,346
4294967278,323
2294,7
2294,6
2294,5
2294,4
2294,2
2294,1
4294967279,317
4294967278,339
2291,7
2291,6
2291,5
2291,4
2291,3
2291,2
2291,1
4294967279,315
4294967294,176
4294967279,221
4294967294,167
4294967294,113
4294967294,408
2288,7
2288,6
